image: map22.pgm
resolution: 0.050000
origin: [-21.200000, -41.200000, 0.500000]
negate: 0
occupied_thresh: 0.65
free_thresh: 0.196

