image: map4.pgm
resolution: 0.050000
origin: [-10.235162, -7.807315, 0.000000]
negate: 0
occupied_thresh: 0.65
free_thresh: 0.196

