image: /var/www/html/interface_mvibot_v2_jwt/maps/28_11ok.pgm
resolution: 0.050000
origin: [-20.636287, -49.980064, 0.000000]
negate: 0
occupied_thresh: 0.65
free_thresh: 0.196

