image: map28.pgm
resolution: 0.050000
origin: [-24.778434, -73.317548, 0.000000]
negate: 0
occupied_thresh: 0.65
free_thresh: 0.196

