image: Vuong_1700_170325.pgm
resolution: 0.050000
origin: [-9.273775, -20.668188, 0.000000]
negate: 0
occupied_thresh: 0.65
free_thresh: 0.196

